pi

ans =

    3.1416

diary off
